1) przykład dla parametrów:

SIMULATION_TIME = 720  # 30 dni - 30*24 = 720h
speed_l = 0.5
capacity_l = 5

speed_s = 0.3
capacity_s = 3

n_small_trucks = 3
n_large_trucks = 3
n_pop = 10

n_iteration = 100
penalty_factor = 100

r_cross = 5
r_mutation = 0.1

parent_percent = 50

Printuje population_scores dla kazdego pokolenia:

Wartość,funkcji,celu,w,pierwszej,iteracji:
314033
[(0,,314033),,(1,,1893166),,(2,,4818533),,(3,,5419199),,(4,,10468933),,(5,,16732600),,(6,,18315400),,(7,,21848466),,(8,,24729133),,(9,,26337999)]
[(0,,273866),,(1,,1704533),,(2,,3298666),,(3,,8005199),,(4,,12670400),,(5,,16997866),,(6,,19975933),,(7,,23155799),,(8,,21837000),,(9,,28486599)]
[(0,,301433),,(1,,2174700),,(2,,5987633),,(3,,6313699),,(4,,13597366),,(5,,17849400),,(6,,17070800),,(7,,24955799),,(8,,24646199),,(9,,31034999)]
[(0,,299633),,(1,,2122100),,(2,,3695466),,(3,,8976099),,(4,,10483100),,(5,,17261933),,(6,,20094866),,(7,,25631799),,(8,,28263466),,(9,,32924866)]
[(0,,309833),,(1,,2141300),,(2,,5997033),,(3,,9980966),,(4,,14209100),,(5,,18420666),,(6,,22686799),,(7,,26918933),,(8,,29588733),,(9,,34273666)]
[(0,,309833),,(1,,2158900),,(2,,5992233),,(3,,9961766),,(4,,14193100),,(5,,18399866),,(6,,22665999),,(7,,26898133),,(8,,29572733),,(9,,34257666)]
[(0,,309833),,(1,,2158900),,(2,,5992233),,(3,,9961766),,(4,,14193100),,(5,,18399866),,(6,,22665999),,(7,,26898133),,(8,,29662066),,(9,,34461000)]
[(0,,309833),,(1,,2158900),,(2,,5992233),,(3,,9961766),,(4,,14193100),,(5,,18399866),,(6,,22665999),,(7,,26898133),,(8,,29572733),,(9,,34257666)]
[(0,,309833),,(1,,2158900),,(2,,5992233),,(3,,9961766),,(4,,14193100),,(5,,18399866),,(6,,22665999),,(7,,26898133),,(8,,29572733),,(9,,34257666)]
[(0,,309833),,(1,,2158900),,(2,,5992233),,(3,,9961766),,(4,,14193100),,(5,,18399866),,(6,,22669199),,(7,,26904733),,(8,,29587733),,(9,,34272666)]
[(0,,309833),,(1,,2158900),,(2,,5992233),,(3,,9961766),,(4,,14193100),,(5,,18399866),,(6,,22665999),,(7,,26898133),,(8,,29572733),,(9,,34257666)]
[(0,,309833),,(1,,2158900),,(2,,5992233),,(3,,9961766),,(4,,14193100),,(5,,18399866),,(6,,22665999),,(7,,26898133),,(8,,29572733),,(9,,34257666)]
[(0,,309833),,(1,,2158900),,(2,,5992233),,(3,,9961766),,(4,,14193100),,(5,,18399866),,(6,,22665999),,(7,,26898133),,(8,,29572733),,(9,,34257666)]
[(0,,309833),,(1,,2158900),,(2,,5992233),,(3,,9961766),,(4,,14193100),,(5,,18399866),,(6,,22665999),,(7,,26898133),,(8,,29572733),,(9,,34257666)]
[(0,,309833),,(1,,2158900),,(2,,5992233),,(3,,9961766),,(4,,14193100),,(5,,18399866),,(6,,22665999),,(7,,26898133),,(8,,29582933),,(9,,34275266)]
[(0,,309833),,(1,,2158900),,(2,,5992233),,(3,,9961766),,(4,,14193300),,(5,,18399866),,(6,,22665999),,(7,,26898133),,(8,,29572733),,(9,,34257666)]
[(0,,312233),,(1,,2142300),,(2,,5957833),,(3,,9927366),,(4,,14162700),,(5,,18369466),,(6,,22635599),,(7,,26868333),,(8,,29539733),,(9,,34224666)]
[(0,,313833),,(1,,2170900),,(2,,6016233),,(3,,9985766),,(4,,14214433),,(5,,18421200),,(6,,22704733),,(7,,26911466),,(8,,29593266),,(9,,34278200)]
[(0,,313833),,(1,,2170900),,(2,,6016233),,(3,,9985766),,(4,,14214433),,(5,,18421200),,(6,,22692333),,(7,,26919466),,(8,,29598066),,(9,,34283000)]
[(0,,313833),,(1,,2170900),,(2,,6016233),,(3,,9985766),,(4,,14214433),,(5,,18421200),,(6,,22692333),,(7,,26919466),,(8,,29598066),,(9,,34283000)]
[(0,,313833),,(1,,2170900),,(2,,6016233),,(3,,9985766),,(4,,14214433),,(5,,18421200),,(6,,22692333),,(7,,26924466),,(8,,29598066),,(9,,34283000)]
[(0,,313833),,(1,,2185433),,(2,,6120566),,(3,,10201766),,(4,,14406433),,(5,,18613200),,(6,,22884333),,(7,,27116466),,(8,,29826066),,(9,,34511000)]
[(0,,313833),,(1,,2185433),,(2,,6052233),,(3,,10021766),,(4,,14254833),,(5,,18453200),,(6,,22724333),,(7,,26956466),,(8,,29636066),,(9,,34321000)]
[(0,,313833),,(1,,2185433),,(2,,6052233),,(3,,10021766),,(4,,14254433),,(5,,18453200),,(6,,22724333),,(7,,26956466),,(8,,29636066),,(9,,34321000)]
[(0,,313833),,(1,,2185433),,(2,,6052233),,(3,,10021766),,(4,,14254433),,(5,,18458200),,(6,,22724333),,(7,,26956466),,(8,,29638733),,(9,,34384333)]
[(0,,313833),,(1,,2185433),,(2,,6052233),,(3,,10021766),,(4,,14254433),,(5,,18458200),,(6,,22724333),,(7,,26956466),,(8,,29703933),,(9,,34535666)]
[(0,,313833),,(1,,2185433),,(2,,6052233),,(3,,10021766),,(4,,14254433),,(5,,18458200),,(6,,22724333),,(7,,26956466),,(8,,29638733),,(9,,34316200)]
[(0,,313833),,(1,,2185433),,(2,,6052233),,(3,,10021766),,(4,,14254433),,(5,,18458200),,(6,,22724333),,(7,,26956466),,(8,,29715733),,(9,,34531666)]
[(0,,313833),,(1,,2185433),,(2,,6052233),,(3,,10021766),,(4,,14254433),,(5,,18458200),,(6,,22724333),,(7,,26956466),,(8,,29638733),,(9,,34328000)]
[(0,,313833),,(1,,2185433),,(2,,6052233),,(3,,10021766),,(4,,14254433),,(5,,18458200),,(6,,22724333),,(7,,26956466),,(8,,29715733),,(9,,34531666)]
[(0,,313833),,(1,,2185433),,(2,,6052233),,(3,,10021766),,(4,,14254433),,(5,,18458200),,(6,,22724333),,(7,,26956466),,(8,,29638733),,(9,,34328000)]
[(0,,313833),,(1,,2185433),,(2,,6052233),,(3,,10021766),,(4,,14254433),,(5,,18458200),,(6,,22724333),,(7,,26956466),,(8,,29715733),,(9,,34484666)]
[(0,,313833),,(1,,2185433),,(2,,6052233),,(3,,10021766),,(4,,14266100),,(5,,18369533),,(6,,22635666),,(7,,26867799),,(8,,29671733),,(9,,34440666)]
[(0,,313833),,(1,,2185433),,(2,,6052233),,(3,,10021766),,(4,,14202766),,(5,,18401533),,(6,,22667666),,(7,,26899799),,(8,,29695733),,(9,,34464666)]
[(0,,313833),,(1,,2185433),,(2,,6052233),,(3,,10021766),,(4,,14202766),,(5,,18401533),,(6,,22667666),,(7,,26899799),,(8,,29695733),,(9,,34464666)]
[(0,,313833),,(1,,2185433),,(2,,6052233),,(3,,10021766),,(4,,14202766),,(5,,18456533),,(6,,22689000),,(7,,26945133),,(8,,29711733),,(9,,34480666)]
[(0,,313833),,(1,,2185433),,(2,,6052233),,(3,,10021766),,(4,,14202766),,(5,,18456533),,(6,,22727666),,(7,,26956466),,(8,,29715733),,(9,,34484666)]
[(0,,313833),,(1,,2185433),,(2,,6052233),,(3,,10021766),,(4,,14202766),,(5,,18456533),,(6,,22718666),,(7,,26894800),,(8,,29681400),,(9,,34450333)]
[(0,,313833),,(1,,2185433),,(2,,6052233),,(3,,10021766),,(4,,14202766),,(5,,18456533),,(6,,22727666),,(7,,26904799),,(8,,29695733),,(9,,34464666)]
[(0,,313833),,(1,,2185433),,(2,,6052233),,(3,,10021766),,(4,,14202766),,(5,,18456533),,(6,,22727666),,(7,,26904799),,(8,,29695733),,(9,,34464666)]
[(0,,313833),,(1,,2185433),,(2,,6036833),,(3,,10054566),,(4,,14231566),,(5,,18485333),,(6,,22756466),,(7,,26932399),,(8,,29663466),,(9,,34467000)]
[(0,,313833),,(1,,2185433),,(2,,6052233),,(3,,10021766),,(4,,14202766),,(5,,18456533),,(6,,22727666),,(7,,26904799),,(8,,29690733),,(9,,34464666)]
[(0,,313833),,(1,,2185433),,(2,,6052233),,(3,,10021766),,(4,,14202766),,(5,,18456533),,(6,,22727666),,(7,,26904799),,(8,,29690733),,(9,,34459666)]
[(0,,313833),,(1,,2185433),,(2,,6052233),,(3,,10021766),,(4,,14202766),,(5,,18456533),,(6,,22727666),,(7,,26904799),,(8,,29690733),,(9,,34459666)]
[(0,,313833),,(1,,2185433),,(2,,6052233),,(3,,10021766),,(4,,14202766),,(5,,18456533),,(6,,22727666),,(7,,26904799),,(8,,29690733),,(9,,34459666)]
[(0,,313833),,(1,,2185433),,(2,,6052233),,(3,,10021766),,(4,,14202766),,(5,,18456533),,(6,,22727666),,(7,,26904799),,(8,,29690733),,(9,,34459666)]
[(0,,313833),,(1,,2185433),,(2,,6052233),,(3,,10021766),,(4,,14202766),,(5,,18456533),,(6,,22727666),,(7,,26904799),,(8,,29690733),,(9,,34459666)]
[(0,,313833),,(1,,2185433),,(2,,6052233),,(3,,10021766),,(4,,14202766),,(5,,18456533),,(6,,22727666),,(7,,26904799),,(8,,29690733),,(9,,34459666)]
[(0,,313833),,(1,,2185433),,(2,,6052233),,(3,,10021766),,(4,,14202766),,(5,,18456533),,(6,,22727666),,(7,,26904799),,(8,,29690733),,(9,,34459666)]
[(0,,313833),,(1,,2185433),,(2,,6055233),,(3,,10026566),,(4,,14206766),,(5,,18461733),,(6,,22732866),,(7,,26909999),,(8,,29699133),,(9,,34468666)]
[(0,,313833),,(1,,2185433),,(2,,6052233),,(3,,10024766),,(4,,14206766),,(5,,18461733),,(6,,22732866),,(7,,26909999),,(8,,29694733),,(9,,34463666)]
[(0,,313833),,(1,,2185433),,(2,,6055233),,(3,,10029566),,(4,,14189966),,(5,,18457333),,(6,,22728466),,(7,,26907999),,(8,,29709133),,(9,,34478066)]
[(0,,313833),,(1,,2185433),,(2,,6055233),,(3,,10029566),,(4,,14206766),,(5,,18450933),,(6,,22722066),,(7,,26899199),,(8,,29689133),,(9,,34458066)]
[(0,,313833),,(1,,2185433),,(2,,6055233),,(3,,10029566),,(4,,14206766),,(5,,18443333),,(6,,22706066),,(7,,26883199),,(8,,29673133),,(9,,34431666)]
[(0,,313833),,(1,,2185433),,(2,,6055233),,(3,,10029566),,(4,,14206766),,(5,,18443333),,(6,,22706066),,(7,,26883199),,(8,,29679533),,(9,,34440066)]
[(0,,313833),,(1,,2185433),,(2,,6050533),,(3,,10031566),,(4,,14210166),,(5,,18447333),,(6,,22710066),,(7,,26887199),,(8,,29675533),,(9,,34425666)]
[(0,,313833),,(1,,2185433),,(2,,6053533),,(3,,9997966),,(4,,14189766),,(5,,18423333),,(6,,22686066),,(7,,26863199),,(8,,29661133),,(9,,34411266)]
[(0,,313833),,(1,,2185433),,(2,,6050533),,(3,,10002766),,(4,,14165966),,(5,,18395333),,(6,,22658066),,(7,,26835199),,(8,,29644333),,(9,,34394466)]
[(0,,313833),,(1,,2185433),,(2,,6053533),,(3,,10008566),,(4,,14179566),,(5,,18411333),,(6,,22673066),,(7,,26843199),,(8,,29649133),,(9,,34399266)]
[(0,,313833),,(1,,2185433),,(2,,6050533),,(3,,9990566),,(4,,14148966),,(5,,18375333),,(6,,22638066),,(7,,26814199),,(8,,29627533),,(9,,34377666)]
[(0,,313833),,(1,,2185433),,(2,,6034199),,(3,,9924566),,(4,,14020233),,(5,,18167333),,(6,,22429066),,(7,,26599199),,(8,,29491800),,(9,,34241933)]
[(0,,295766),,(1,,2171166),,(2,,5968533),,(3,,9968433),,(4,,14079766),,(5,,18321933),,(6,,22574333),,(7,,26750466),,(8,,29502800),,(9,,34252933)]
[(0,,313833),,(1,,2185433),,(2,,6050200),,(3,,9977433),,(4,,14015900),,(5,,18167000),,(6,,22418399),,(7,,26587533),,(8,,29443666),,(9,,34193800)]
[(0,,313833),,(1,,2185433),,(2,,6050200),,(3,,9977433),,(4,,14015900),,(5,,18167000),,(6,,22420466),,(7,,26539533),,(8,,29396066),,(9,,34146200)]
[(0,,313833),,(1,,2185433),,(2,,6050200),,(3,,9993433),,(4,,14069233),,(5,,18220333),,(6,,22456933),,(7,,26640866),,(8,,29507000),,(9,,34257133)]
[(0,,208500),,(1,,2118766),,(2,,5962200),,(3,,9905433),,(4,,13989233),,(5,,18140333),,(6,,22376933),,(7,,26560866),,(8,,29392333),,(9,,34142466)]
[(0,,313833),,(1,,2149433),,(2,,5995200),,(3,,9938433),,(4,,14019233),,(5,,18170333),,(6,,22406933),,(7,,26576066),,(8,,29435333),,(9,,34185466)]
[(0,,208500),,(1,,2118766),,(2,,5901200),,(3,,9894433),,(4,,13979233),,(5,,18130333),,(6,,22366933),,(7,,26536066),,(8,,29378000),,(9,,34128133)]
[(0,,313833),,(1,,2185433),,(2,,6050200),,(3,,9993433),,(4,,14236900),,(5,,18345666),,(6,,22582266),,(7,,26751399),,(8,,29554200),,(9,,34304333)]
[(0,,313833),,(1,,2185433),,(2,,6050200),,(3,,9993433),,(4,,14069233),,(5,,18220333),,(6,,22456933),,(7,,26626066),,(8,,29507000),,(9,,34257133)]
[(0,,313833),,(1,,2185433),,(2,,6050200),,(3,,9993433),,(4,,14069233),,(5,,18220333),,(6,,22456933),,(7,,26626066),,(8,,29507000),,(9,,34257133)]
[(0,,313833),,(1,,2185433),,(2,,6050200),,(3,,9993433),,(4,,14069233),,(5,,18220333),,(6,,22456933),,(7,,26626066),,(8,,29507000),,(9,,34257133)]
[(0,,313833),,(1,,2185433),,(2,,6050200),,(3,,9993433),,(4,,14092733),,(5,,18243933),,(6,,22480533),,(7,,26647266),,(8,,29496666),,(9,,34246800)]
[(0,,313833),,(1,,2185433),,(2,,6050200),,(3,,9993433),,(4,,14061233),,(5,,18244133),,(6,,22480533),,(7,,26647266),,(8,,29496666),,(9,,34246800)]
[(0,,313833),,(1,,2185433),,(2,,6050200),,(3,,9993433),,(4,,14070500),,(5,,18257733),,(6,,22494133),,(7,,26660266),,(8,,29544066),,(9,,34268800)]
[(0,,313833),,(1,,2185433),,(2,,6050200),,(3,,9993433),,(4,,14070500),,(5,,18257733),,(6,,22494133),,(7,,26660266),,(8,,29528266),,(9,,34280600)]
[(0,,313833),,(1,,2185433),,(2,,6072733),,(3,,10056366),,(4,,14169166),,(5,,18334866),,(6,,22585199),,(7,,26751333),,(8,,29564200),,(9,,34347733)]
[(0,,313833),,(1,,2185433),,(2,,6076866),,(3,,10076633),,(4,,14271166),,(5,,18436866),,(6,,22687199),,(7,,26853333),,(8,,29625933),,(9,,34428533)]
[(0,,313833),,(1,,2185433),,(2,,6122733),,(3,,10113033),,(4,,14271166),,(5,,18436866),,(6,,22687199),,(7,,26853333),,(8,,29611600),,(9,,34416533)]
[(0,,313833),,(1,,2185433),,(2,,6076866),,(3,,10040633),,(4,,14191833),,(5,,18357533),,(6,,22607866),,(7,,26773999),,(8,,29583600),,(9,,34393533)]
[(0,,313833),,(1,,2185433),,(2,,6058066),,(3,,10030233),,(4,,14165833),,(5,,18333933),,(6,,22584266),,(7,,26750399),,(8,,29508933),,(9,,34213533)]
[(0,,313833),,(1,,2185433),,(2,,6058066),,(3,,10030233),,(4,,14165833),,(5,,18333933),,(6,,22584266),,(7,,26750399),,(8,,29579600),,(9,,34389533)]
[(0,,313833),,(1,,2185433),,(2,,6078500),,(3,,10042900),,(4,,14141433),,(5,,18305933),,(6,,22523266),,(7,,26701066),,(8,,29570866),,(9,,34380800)]
[(0,,324533),,(1,,2233566),,(2,,6087933),,(3,,10060500),,(4,,14201900),,(5,,18365800),,(6,,22616133),,(7,,26780266),,(8,,29606800),,(9,,34416733)]
[(0,,305833),,(1,,2152100),,(2,,5973499),,(3,,9893633),,(4,,14004966),,(5,,18165266),,(6,,22379599),,(7,,26526399),,(8,,29377733),,(9,,34187666)]
[(0,,305833),,(1,,2152100),,(2,,5973499),,(3,,9836633),,(4,,13904966),,(5,,18065266),,(6,,22279599),,(7,,26411399),,(8,,29196400),,(9,,34006333)]
[(0,,305833),,(1,,2124100),,(2,,5937499),,(3,,9800633),,(4,,13872966),,(5,,18033266),,(6,,22247599),,(7,,26379399),,(8,,29158400),,(9,,33968333)]
[(0,,305833),,(1,,2124100),,(2,,5937499),,(3,,9800633),,(4,,13872966),,(5,,18033266),,(6,,22247599),,(7,,26379399),,(8,,29158400),,(9,,33968333)]
[(0,,305833),,(1,,2124100),,(2,,5937499),,(3,,9800633),,(4,,13872966),,(5,,18033266),,(6,,22247599),,(7,,26379399),,(8,,29158400),,(9,,33968333)]
[(0,,305833),,(1,,2124100),,(2,,5937499),,(3,,9800633),,(4,,13872966),,(5,,18033266),,(6,,22247599),,(7,,26379399),,(8,,29158400),,(9,,33968333)]
[(0,,305833),,(1,,2124100),,(2,,5937499),,(3,,9800633),,(4,,13873966),,(5,,18033266),,(6,,22247599),,(7,,26379399),,(8,,29158400),,(9,,33968333)]
[(0,,297433),,(1,,2120100),,(2,,5934499),,(3,,9788633),,(4,,13843366),,(5,,18004266),,(6,,22218599),,(7,,26350399),,(8,,29138800),,(9,,33948733)]
[(0,,305833),,(1,,2113700),,(2,,5939299),,(3,,9807833),,(4,,13859366),,(5,,18010066),,(6,,22223399),,(7,,26355199),,(8,,29145200),,(9,,33955133)]
[(0,,313033),,(1,,2113700),,(2,,5939299),,(3,,9807833),,(4,,13859366),,(5,,18010066),,(6,,22246999),,(7,,26359199),,(8,,29147600),,(9,,33957533)]
[(0,,313033),,(1,,2128900),,(2,,5935699),,(3,,9793433),,(4,,13847366),,(5,,17994466),,(6,,22223999),,(7,,26343599),,(8,,29135600),,(9,,33945533)]
[(0,,313033),,(1,,2128900),,(2,,5935699),,(3,,9793433),,(4,,13847366),,(5,,17994466),,(6,,22223999),,(7,,26359799),,(8,,29138000),,(9,,33947933)]
[(0,,313033),,(1,,2128900),,(2,,5935699),,(3,,9793433),,(4,,13835633),,(5,,18010466),,(6,,22227266),,(7,,26375266),,(8,,29108600),,(9,,33918533)]
[(0,,313033),,(1,,2128900),,(2,,5935699),,(3,,9793433),,(4,,13881566),,(5,,18011733),,(6,,22275999),,(7,,26408466),,(8,,29170200),,(9,,33980133)]
[(0,,313033),,(1,,2128900),,(2,,5920233),,(3,,9788900),,(4,,13820566),,(5,,17981866),,(6,,22233399),,(7,,26381399),,(8,,29113333),,(9,,33923266)]
[(0,,313033),,(1,,2128900),,(2,,5976966),,(3,,9908633),,(4,,13934300),,(5,,18087600),,(6,,22357466),,(7,,26489933),,(8,,29264200),,(9,,34074133)]
Najlepsze,rozwiązanie:,
,[[(1,,5),,(8,,5),,(10,,4),,(13,,1),,(15,,6),,(16,,5)],,[(1,,1),,(3,,7),,(2,,7),,(5,,1),,(6,,2),,(10,,1),,(11,,3),,(12,,1),,(14,,2),,(17,,1)],,[(6,,4),,(12,,5),,(9,,7),,(10,,2),,(7,,5),,(13,,3),,(17,,2),,(18,,4)],,[(1,,1),,(6,,1),,(7,,2),,(13,,3),,(17,,1),,(18,,2),,(19,,6)],,[(4,,7),,(5,,4),,(8,,2),,(12,,1),,(17,,3),,(16,,2),,(15,,1),,(18,,1),,(19,,1)],,[(0,,7),,(11,,4),,(14,,5),,(5,,2)]]
O,wartości,funkcji,celu:,208500



2) Przykład dla parametrów:
Najlepsze,rozwiązanie,w,pierwszej,iteracji:,
[[(4,,1),,(5,,1),,(6,,1),,(10,,1),,(12,,2),,(18,,5),,(19,,1)],,[(1,,3),,(4,,2),,(6,,3),,(16,,6),,(19,,6)],,[(2,,3),,(4,,2),,(7,,1),,(15,,3),,(16,,1)],,[(3,,7),,(5,,4),,(6,,2),,(8,,7),,(10,,1),,(14,,5),,(15,,3)],,[(1,,4),,(2,,4),,(7,,6),,(9,,7),,(12,,1),,(13,,4),,(15,,1)],,[(0,,7),,(4,,2),,(5,,2),,(6,,1),,(10,,5),,(11,,7),,(12,,4),,(13,,3),,(14,,2),,(17,,7),,(18,,2)]]
Wartość,funkcji,celu,w,pierwszej,iteracji:
179000
Najlepsze,rozwiązanie:,
,[[(4,,1),,(5,,1),,(7,,1),,(8,,1),,(9,,3),,(11,,6),,(14,,3),,(17,,3)],,[(1,,3),,(4,,2),,(5,,6),,(6,,3),,(13,,5),,(14,,4),,(18,,1)],,[(2,,3),,(4,,2),,(7,,1),,(12,,7),,(9,,4),,(11,,1),,(8,,6)],,[(3,,7),,(13,,2),,(18,,3)],,[(1,,4),,(2,,4),,(7,,4),,(10,,7),,(15,,7),,(16,,7)],,[(0,,7),,(4,,2),,(18,,3),,(7,,1),,(17,,4),,(6,,4),,(19,,7)]]
O,wartości,funkcji,celu:,175233


3) Przykład dla parametrów:
SIMULATION_TIME = 720  # 30 dni - 30*24 = 720h
speed_l = 0.5
capacity_l = 5

speed_s = 0.3
capacity_s = 3

n_small_trucks = 3
n_large_trucks = 3
n_pop = 10

n_iteration = 100
penalty_factor = 100

r_cross = 5
r_mutation = 0.1

parent_percent = 50 #procent rodziców przekazywany do następnej populacji 0-100%


Najlepsze,rozwiązanie,w,pierwszej,iteracji:,
[[(1,,2),,(2,,5),,(5,,1),,(6,,1),,(9,,3),,(14,,1),,(16,,2),,(18,,2),,(19,,5)],,[(0,,3),,(1,,5),,(2,,1),,(3,,3),,(4,,4),,(5,,5),,(6,,1),,(7,,2),,(8,,6),,(9,,2),,(15,,1),,(17,,3),,(18,,1)],,[(2,,1),,(6,,1),,(12,,3),,(18,,4)],,[(3,,1),,(4,,3),,(8,,1),,(9,,1),,(10,,7),,(15,,6),,(16,,5)],,[(3,,3),,(7,,5),,(11,,5),,(14,,4),,(17,,3),,(19,,2)],,[(0,,4),,(5,,1),,(6,,4),,(9,,1),,(11,,2),,(12,,4),,(13,,7),,(14,,2),,(17,,1)]]
Wartość,funkcji,celu,w,pierwszej,iteracji:
40666
Najlepsze,rozwiązanie:,
,[[(1,,1),,(2,,2),,(3,,1),,(9,,3),,(18,,2),,(7,,6),,(11,,2),,(15,,1),,(16,,2),,(17,,4),,(5,,5)],,[(1,,6),,(3,,1),,(4,,3),,(8,,7),,(9,,3),,(10,,1),,(12,,2),,(14,,1)],,[(0,,1),,(10,,5),,(18,,3),,(12,,5),,(15,,5),,(11,,4)],,[(6,,7),,(0,,1),,(19,,1),,(14,,2),,(18,,2),,(10,,1)],,[(0,,1),,(3,,5),,(4,,4),,(9,,1),,(5,,2),,(11,,1),,(13,,1),,(14,,4),,(19,,1)],,[(0,,4),,(2,,5),,(7,,1),,(13,,6),,(17,,3),,(16,,5),,(15,,1),,(19,,5)]]
O,wartości,funkcji,celu:,6666
